********************TEST********************
Loss: 0.000828 Acc: 0.9695
[CLASSIFICATION REPORT]
              precision    recall  f1-score   support

         体育       1.00      0.97      0.98       200
         娱乐       0.98      0.94      0.96       200
         家居       0.91      0.96      0.94       200
         房产       0.97      0.99      0.98       200
         教育       0.95      0.96      0.96       200
         时尚       0.95      0.99      0.97       200
         时政       0.96      0.94      0.95       200
         游戏       0.97      0.97      0.97       200
         科技       1.00      0.98      0.99       200
         财经       0.99      0.97      0.98       200

    accuracy                           0.97      2000
   macro avg       0.97      0.97      0.97      2000
weighted avg       0.97      0.97      0.97      2000

[CONFUSION MATRIX]
[[194   0   1   0   1   0   4   0   0   0]
 [  0 188   7   0   1   1   2   1   0   0]
 [  0   1 192   1   2   4   0   0   0   0]
 [  0   0   1 199   0   0   0   0   0   0]
 [  0   0   1   1 192   3   1   2   0   0]
 [  0   0   0   0   1 199   0   0   0   0]
 [  0   0   5   0   5   0 189   0   0   1]
 [  0   2   2   0   0   1   0 195   0   0]
 [  0   0   1   0   0   1   0   2 196   0]
 [  0   0   0   4   0   0   1   0   0 195]]

test took 3.28s
